389
157
425
292
593
482
178
572
242
760
13
368
397
406
149
510
72
366
32
228
415
74
347
308
178
550
510
215
145
752
736
547
758
543
708
161
629
696
185
513
142
691
443
614
90
627
455
623
662
657
581
403
448
472
568
377
404
185
477
383
626
30
536
532
701
412
135
688
291
109
261
7
675
81
86
355
439
457
677
298
188
475
259
135
414
451
131
448
657
71
243
278
690
94
607
376
613
595
97
151
92
100
241
359
4
379
88
734
358
105
383
554
302
647
225
215
741
346
345
786
739
360
10
372
473
97
7
415
115
458
753
99
625
358
180
560
311
166
123
316
376
47
341
468
324
109
232
528
760
26
296
100
352
512
426
655
556
647
626
151
430
469
188
424
716
498
399
457
524
717
211
765
408
297
346
541
478
533
55
337
409
564
589
299
526
755
640
320
343
690
765
785
548
784
112
568
142
564
284
344
234
181
150
8
238
513
406
503
410
294
456
418
751
690
640
752
346
73
55
525
353
293
415
596
309
81
558
700
424
177
65
22
726
690
452
543
58
348
198
720
791
596
581
607
673
293
88
432
794
234
43
338
10
756
557
217
350
26
442
61
0
35
743
356
527
774
740
520
719
671
648
317
347
247
757
599
338
418
157
528
121
626
695
293
189
607
360
437
262
672
35
532
740
742
238
546
152
431
171
286
640
519
760
474
369
522
379
592
795
71
654
583
601
254
277
192
154
297
256
450
313
525
115
471
177
502
548
406
554
26
780
20
63
619
257
86
473
317
732
306
533
763
752
437
687
42
291
262
38
197
535
17
460
715
77
199
268
284
297
287
380
206
736
571
573
531
527
246
765
174
31
328
751
270
740
712
782
323
373
436
653
417
22
222
259
551
305
389
311
664
437
247
758
211
646
696
421
696
377
658
253
121
601
124
496
718
680
0
681
499
789
634
515
201
204
414
350
378
250
269
259
363
773
623
438
23
73
349
277
198
738
628
642
688
485
431
20
404
13
753
92
290
555
142
775
11
784
477
605
682
746
631
303
515
722
29
247
135
740
359
600
305
423
180
301
298
448
442
352
511
621
516
207
150
533
315
617
534
416
356
479
150
364
22
789
571
350
327
172
163
390
284
634
97
575
314
497
483
215
254
202
209
172
545
358
133
171
531
66
350
420
791
647
118
597
402
74
680
588
238
479
291
284
780
1
97
362
403
377
25
479
46
533
492
718
481
547
510
434
82
467
202
151
548
179
537
198
750
406
727
23
551
329
226
0
236
131
185
600
267
80
294
651
31
490
273
429
276
774
634
661
776
295
715
500
268
791
637
321
70
519
602
281
619
425
434
74
304
467
273
156
389
771
398
65
349
214
320
236
536
645
414
417
612
610
342
777
644
28
680
576
15
240
209
148
762
696
558
226
248
5
477
691
305
9
306
493
309
458
734
276
688
537
566
559
133
129
666
10
273
332
56
747
25
706
313
262
455
208
277
292
328
511
101
457
2
94
315
290
20
469
585
93
733
595
193
585
519
562
200
781
40
398
61
213
144
424
42
467
508
207
703
758
655
722
735
654
109
138
328
23
731
214
81
217
378
604
798
72
38
48
93
218
637
360
80
73
797
299
184
665
293
316
166
541
526
709
134
797
77
440
703
377
716
341
376
517
298
460
246
649
387
524
407
11
690
392
800
343
447
278
436
648
590
28
43
659
149
298
487
541
606
253
790
116
135
461
335
243
593
698
285
47
223
40
366
324
393
28
657
465
84
252
436
620
163
184
242
785
182
255
293
417
492
447
174
128
165
238
164
445
122
684
715
530
535
433
289
79
535
326
565
533
643
725
202
261
607
767
556
337
447
607
243
8
716
107
93
596
51
225
446
532
701
461
799
263
469
165
474
98
691
568
211
732
173
256
111
579
268
170
673
18
331
247
150
655
595
431
166
700
774
798
722
768
613
694
410
520
388
794
194
740
675
3
516
102
118
317
153
92
422
408
554
788
284
190
413
781
330
613
787
572
446
369
707
680
228
508
60
512
686
342
791
749
46
667
13
666
745
134
21
313
632
181
211
151
57
768
277
574
591
251
702
599
277
471
581
344
345
245
322
629
710
531
470
220
234
592
338
727
385
589
632
642
121
618
74
571
168
761
530
145
88
648
686
411
636
563
789
742
527
62
127
587
593
258
494
436
639
655
226
356
536
774
767
778
456
414
795
557
757
218
447
416
336
176
31
685
91
452
183
390
681
692
190
233
451
763
633
380
372
638
274
540
636
266
406
693
694