284
296
368
278
784
42
726
383
151
581
330
291
645
614
469
33
679
560
541
109
794
499
83
772
231
531
497
717
529
210
106
627
36
706
343
326
18
49
780
429
484
8
665
79
689
64
677
326
699
395
153
82
265
708
327
209
378
208
227
117
192
47
523
183
179
316
65
169
323
750
148
369
501
68
322
55
28
181
774
407
450
99
393
741
164
675
44
26
386
471
546
68
195
431
350
299
94
751
665
209
789
543
515
458
281
779
162
469
270
387
319
275
513
709
771
150
25
528
358
225
436
545
168
257
444
315
612
82
593
77
645
282
426
445
497
341
405
332
171
144
355
63
214
359
295
224
42
423
425
770
187
537
148
287
513
758
65
618
280
640
731
466
165
673
40
716
38
245
758
181
95
221
36
657
238
197
255
86
114
291
437
297
615
762
626
655
296
158
82
767
506
391
557
494
776
490
193
700
299
748
308
753
168
736
619
722
366
84
500
460
34
670
101
601
248
357
692
94
240
721
580
132
102
405
767
448
539
675
58
29
211
714
9
538
797
203
115
242
331
329
222
671
370
713
585
15
596
531
222
181
698
393
430
545
653
280
621
618
304
303
727
651
574
798
785
655
174
95
569
474
254
775
746
698
144
425
494
371
289
114
87
638
732
401
326
63
113
731
366
573
466
793
790
152
289
436
489
55
661
230
383
648
794
126
225
91
587
651
77
793
562
109
180
16
168
298
432
68
442
610
148
375
242
334
251
656
436
534
497
757
597
379
773
235
493
369
125
396
667
596
392
400
65
788
509
226
601
482
577
646
626
51
64
317
739
153
159
35
723
444
464
387
372
682
706
268
740
492
26
448
242
332
471
381
658
245
628
284
55
101
117
189
115
152
364
314
307
480
320
295
145
192
52
667
236
722
783
333
404
689
604
663
625
56
644
580
326
533
752
252
379
42
339
730
697
757
300
22
185
111
778
131
671
701
31
588
711
16
453
601
112
567
213
614
438
136
210
719
152
561
209
144
520
526
645
690
103
204
369
655
515
637
762
546
280
517
531
529
411
41
14
772
720
323
659
622
221
562
284
3
662
263
642
380
302
183
622
521
239
66
743
693
16
73
722
198
464
135
13
563
430
769
602
47
423
2
251
254
95
424
261
151
234
537
579
526
633
470
318
734
318
558
640
489
740
772
341
251
285
646
380
244
530
623
503
329
262
568
391
647
668
781
766
485
727
84
723
95
583
745
192
262
693
155
385
10
787
400
293
199
566
715
447
147
614
549
193
202
352
232
747
270
703
249
395
136
527
214
678
504
232
719
540
316
790
794
722
143
786
586
223
267
601
573
605
9
552
366
629
324
567
600
638
459
525
673
366
171
309
749
597
511
345
682
86
43
450
230
420
334
112
32
617
56
548
178
495
50
573
536
2
292
33
9
341
527
164
509
697
419
352
204
288
502
154
651
284
353
606
448
512
336
774
149
612
527
533
173
161
356
33
353
543
782
724
413
85
282
114
245
568
421
317
467
63
474
715
335
798
800
765
209
366
635
102
561
528
334
504
61
285
29
555
366
646
430
260
256
733
153
2
277
114
248
51
700
71
472
426
709
688
351
648
75
610
740
320
503
330
316
765
787
545
541
314
433
716
571
796
686
670
631
528
752
452
781
262
309
784
666
665
783
614
144
322
283
268
6
273
780
95
245
61
255
385
249
795
353
518
430
407
404
620
310
276
500
335
723
718
138
389
779
555
29
622
201
598
712
590
377
562
342
374
777
32
310
103
729
795
209
650
468
167
747
271
410
292
705
340
120
186
670
297
566
439
375
748
610
575
588
352
596
324
227
754
63
634
621
332
389
629
168
234
170
332
211
552
430
746
438
703
157
237
598
616
572
293
648
201
486
664
167
498
152
349
457
505
260
447
100
415
639
18
167
244
611
596
635
425
301
246
247
248
29
167
775
91
457
511
476
386
778
350
777
717
640
158
752
174
799
52
445
553
34
341
371
566
328
638
752
24
569
135
464
41
260
385
69
152
304
92
190
63
673
776
769
56
86
15
425
49
278
198
715
565
695
720
243
63
123
8
435
201
497
726
166
24
743
549
570
488
209
404
320
410
29
705
613
323
134
311
338
573
82
73
248
100
329
76
567
129
601
781
751
41
691
657
92
184
167
232
790
778
145
634
619
631
224
298
295
532
675
26
466
573
425
62
220
403
574
377
488
5
293
345
519
781
302
502
542
443
415
577
263
383
285
546
184
582
396
412
758
682
458
50
537
605
698
218
211