8244880658311556377936717201275319944431848630885783363003941030041855992615322566353855435582028116
8214880658311556375936717201275314946030848637885783363903941030033852972515322566398355437178028916
6574076525548855721612300135516371374884287640394202685325734777398691468645225897423286998134596567
9256068329940924611706906417934199472312323124783405825178768153489459592857462412335090912943380397
2139949819798216190722729302870227339304871747757168396340653185938664784495757038820822393498286228
1984653380009757823369655191034641266430764852577143456920615729551052638981957634334964839219365715
1802673142108493625638421264416265860819996988824696695971206914915571463255798171317475849084935666
3329835615580462861779746261102964913371190541776482323328890895999144239205089311897607727651279662
9713927688113432786670960082645893915069613740282094401175078894060397213315587562154050046054062635
4416724202401273854880868561195467745628311011594645580882815472076389528738826749778573654455189589
1099239141403119214778492532003304523000364665607612597519046047792806065873712521765670607253714034
0105146444631221912561961408790120177763166974217311702126918860213721914901407311208409887131491382
4761861694891351626271873769288532410291188368431075823662570089315420030262518327521231985835070144
3982522335647210694464641409271263922280734373879833704014044184482003561868085114757185112930438183
0913575237263056888077221862746934309857500278726293576341014403575709803314037530324559796895813991
1634747182706416117797291533552831921033511670285489079362464241386814615300392174021489408863062562
2922832622717764634431924712131126853917185903338459157298050085602465480735669494829337783772576200
9962634000960916434336993503935940842364969381930333617392829951760161511266502554665212038907044550
1759548018351428317158207744283767814101752945603091911468461290082822538279746067023981934305118558
6402008596102511288943142670834252233295463202406712556790089712089304093085056014198388018483116806
1437808151154876066928818792311128407471510622826164174662480200078559978737975331140081357567397016
0765345455188265392676452211489630877795815427272048674981072484486441202803515218501646587336213341
8146856523663895736012476096245188509716682895984996635373520643526612652237332415319058435111158081
9616826010094917342331779613158753456825245709846378856449900279359969762552702754358624191739585196
2214949528548165874678426172774497059251765330012659491163519770613436184088250858325981985792695705
0352395290967672645168164514206794755345903334499775523999965523568235289327562613306862724125549353
5782835550619039367270834573655535950505080970465348665433032866467342719333572466817650884855019173
2023280753316107871599528241109268824393572001645766407885468576543966461496316002910579174125381234
5997772910460899405134549210363775396644925224640947892772639312708501434926039937308689585265615881
7167425204496862563217268219436060864895447759257160953215388198287315838155697804462903828988092692
0114814749421208856381179084640472496201254346712505564448919999132891102097687983728185793775754665
1459748613806997329206202582617089870241836824075137295732758015767262835188729031438426525096985685
5342615483432744969565750950846970240577768281328689500238779516599965259929700884169640554364379701
3059709874442826904511628824560351586045446739202947557899466589369459316306677814912873741111305130
3694089648232981136114546479873234199659885532827947068746847782980574671562586218047327041085843491
4730478368954789384400323323763474687029174399313576801630389301977496047598757225501135615485796310
9097262350409112680334475468661710280516035267501592703434885660899538924614409779685939880114025418
9936036705326303553460013951825295622861535999579296559315346443470823795975523177372985697125278089
3369072494503757448785298389287754338885365956426436316919332048571251762388327329293433766300895266
4615494468269307156375544413639221687224881546013327020671385763120867473574323734127083458447103062
1803236068511237080632707375859703303476274339205665161742381930264584060976888931769873388158523104
4956054351275107970607183370095650320170927495149244575488074036435980054807273946375980974103247201
5585763091133637589418082035035870652746045929539085145842701764180809443925448887006056599867570162
3786541623476775859215292771570510110489135203997952487388506693195484000153382243698180621832518055
3211842133244240789845168136043396898724857388140694715988465089550885091870458533394225231188209633
1759204539054552181710089076791137045217806635326322528445766400589860200826347980799583982836779004
8921190294208216372665794143411723540302576587453453026193818620992893259956865005144932348996603641
7928885638577019606399357284683116302110422103971959977586100790582701090167231722898589636223607270
0214949807561873888197970640489225091845847989244347790796034876438006368957949091040622617499401396
8238734004966145593912824261886043455543478174747782266404583566484820624688490888027840091164162712
4543027169909292158686849477898125841434649043309761957332696404103780390766500502660882942381375954
0402999639277761215218290682736795227530346141625075700099737952406036661103990628995121808663265412
4657329455461262560632059847248222106381695140090214328842671320678331051892803037739352703410479376
5836610702149111438285848862537786438443455793084489512845398121901631370430985338422937000574771032
3788602975659924915674758269188652557596739127040721215763098947157502117952678535600943266911857602
4808172947546158211095943949226648407403245323604276018754599527126718277148441183242222356449580254
6745607338023601137557836659947611315329171612500571498539529721753671965939335791093130266788755528
2475606393541444600590869474636440602750698375207658166511236491434148858430234397451707145934014854
2775599392927191013155324759218479682468265725417659330016870908182865705996766017228101848450545858
2396770596021454500671721032046294240496697130123075369286892361006049461959517730567202434797282040
8433307756419214659212928596077612274835596095326808786819408000163716685012751157407709844585563639
7917791083730539892844839572600133303804221277330068642894557530387085102766206422232303227836382404
1439966010708367149628825121958618337004291877587457480380663582148691156234161051683550957398941097
7138489114536692140528869975126255978982360409542235556231198828289956478180852631340583374495635542
7711498275069218735475444740039368558674182701312085502914495612063562279836399285101042449795927873
4451444137674859776101013669047475872717305240131559939370303563559430172049799089170953668138496808
3018117584179436574560279399028009299649726561501421931315854580396252532450858318580081237192951079
4981057982834124320680994613669909920830810257634801847747840069214936837317907525682301057510141224
3802094989551247742915721082804438750596359675452179512981683317765490130225909370493973880777525855
3136581818728444401717264512091670247519161025886335301810341935827667560369321329387303523473738725
1500342130988659318350214309835692424282406153847055563669138216541551061132575707077091684548607116
8782198832069254414961825638285477750641084619056311704848859129296411330867979518456805093330044604
0226451397537180365415653831062702392693762623140378761886782282567204787534394350105194660901175145
9515749796007227317063879027075549017349235517593028554084320826162734637714247453512993161496085452
3001418879695111392048696656109943677216786086249345508198844620995157805387927109963247515690168644
1688480121519484952301763183046158337238387283008597981112410852783063522190802872551694158027926811
2638087793786530532734607530927149577168741155097176774693314996119523966154520404456613622777110426
7872105946519694076707038324765725432786917242326838150821873359393105999515891548145208690658988799
8996980132249837614032911423622733901198846031942569107462624136182787101099127652121675442463986895
1137671461676437067432023744126906049342047265034359925481718826796609672284725205230696295381189306
8499383441380408202372630983212285632465295743245651687183918501018203536965540356518325370530018232
3041734006244648111256146390475167323177179194458626624113936247806669620757676400127481562969098880
2278765472850586403278253315768922039611425877695838488224103432505134881094128568613517565760883598
5767455864444678617504837190941661351518621655414803538402115052587163995727049867368769989388759808
5273082856425913425235817729814984039178313092033795421051156015678844810276098315625937262422707124
1933785818795685073189024399009856835733748004784628251891028922974364353785625729152323283234116096
8904534000186271777062570114572156691165736440337796253321239424456365578113241737397039993856209231
6415755167022260700232066539562800912590529066620488312096014206068993074126120589848051504758427154
5604680650677967121136432210772563225927406076862504767325989230640421180610064967578362878407352294
2368184329118806603392732788564419495749513961092230015691199887575293534376989449316730947995577867
4477749586076348535991440825440223290163042028112562172561257706456565384757529913591835786590240761
7430485309859528333101781957958360696123916519275276206790374269165106232226985125239019703742574523
8911648442011202173861384386371313950433447385742728713683117641875052770153877493727574772014309025
9181829901874557692455451879217800153749725735892960029644129146939024234047131073518326526111701193
0916083771709944722835807391598468279431538274067930973103879943968386790934314095538449165154475791
3260301290991082851792912817101227141018532232732476981768383810849103323449291483368286073183329500
9275670120250563779265007360053094949362156015476119598123437540979172679944019288545728519578218446
4686965270009580809103383800877568756049897931194058392426802913700527186057639561672572299020403687
3357774809292230405668217813084827162948069299321698906270540673733745115709616755503867886663504421
6371731375091259241309419050025421413607564690907420178023777736525625298232479026033967913813825244
